At time 1698323997.9264416
- Translation: [0.434, 0.025, 0.000]
- Rotation: in Quaternion [0.000, 0.000, -0.788, 0.616]
- Rotation: in RPY (radian) [0.000, 0.000, -1.814]
- Rotation: in RPY (degree) [0.000, 0.000, -103.926]
- Matrix:
 -0.241  0.971  0.000  0.434
 -0.971 -0.241 -0.000  0.025
 -0.000  0.000  1.000  0.000
  0.000  0.000  0.000  1.000
At time 1698323998.17769415
- Translation: [0.214, 0.006, 0.000]
- Rotation: in Quaternion [0.000, 0.000, -0.806, 0.593]
- Rotation: in RPY (radian) [0.000, 0.000, -1.873]
- Rotation: in RPY (degree) [0.000, 0.000, -107.321]
- Matrix:
 -0.298  0.955  0.000  0.214
 -0.955 -0.298 -0.000  0.006
 -0.000  0.000  1.000  0.000
  0.000  0.000  0.000  1.000
At time 1698323999.9877715
- Translation: [0.107, 0.001, 0.000]
- Rotation: in Quaternion [0.000, 0.000, -0.814, 0.581]
- Rotation: in RPY (radian) [0.000, 0.000, -1.901]
- Rotation: in RPY (degree) [0.000, 0.000, -108.930]
- Matrix:
 -0.324  0.946  0.000  0.107
 -0.946 -0.324 -0.000  0.001
 -0.000  0.000  1.000  0.000
  0.000  0.000  0.000  1.000
At time 1698324000.17555214
- Translation: [0.053, 0.000, 0.000]
- Rotation: in Quaternion [0.000, 0.000, -0.818, 0.576]
- Rotation: in RPY (radian) [0.000, 0.000, -1.915]
- Rotation: in RPY (degree) [0.000, 0.000, -109.724]
- Matrix:
 -0.337  0.941  0.000  0.053
 -0.941 -0.337 -0.000  0.000
 -0.000  0.000  1.000  0.000
  0.000  0.000  0.000  1.000
At time 1698324001.9077514
- Translation: [0.027, 0.000, 0.000]
- Rotation: in Quaternion [0.000, 0.000, -0.820, 0.573]
- Rotation: in RPY (radian) [0.000, 0.000, -1.922]
- Rotation: in RPY (degree) [0.000, 0.000, -110.109]
- Matrix:
 -0.344  0.939  0.000  0.027
 -0.939 -0.344 -0.000  0.000
 -0.000  0.000  1.000  0.000
  0.000  0.000  0.000  1.000
At time 1698324002.17286114
- Translation: [0.013, 0.000, 0.000]
- Rotation: in Quaternion [0.000, 0.000, -0.821, 0.571]
- Rotation: in RPY (radian) [0.000, 0.000, -1.925]
- Rotation: in RPY (degree) [0.000, 0.000, -110.301]
- Matrix:
 -0.347  0.938  0.000  0.013
 -0.938 -0.347 -0.000  0.000
 -0.000  0.000  1.000  0.000
  0.000  0.000  0.000  1.000
At time 1698324003.9280213
- Translation: [0.007, 0.000, 0.000]
- Rotation: in Quaternion [0.000, 0.000, -0.821, 0.571]
- Rotation: in RPY (radian) [0.000, 0.000, -1.927]
- Rotation: in RPY (degree) [0.000, 0.000, -110.396]
- Matrix:
 -0.349  0.937  0.000  0.007
 -0.937 -0.349 -0.000  0.000
 -0.000  0.000  1.000  0.000
  0.000  0.000  0.000  1.000
At time 1698324004.18092013
- Translation: [0.003, 0.000, 0.000]
- Rotation: in Quaternion [0.000, 0.000, -0.821, 0.570]
- Rotation: in RPY (radian) [0.000, 0.000, -1.928]
- Rotation: in RPY (degree) [0.000, 0.000, -110.444]
- Matrix:
 -0.349  0.937  0.000  0.003
 -0.937 -0.349 -0.000  0.000
 -0.000  0.000  1.000  0.000
  0.000  0.000  0.000  1.000
At time 1698324005.9888512
- Translation: [1.150, -0.855, 0.000]
- Rotation: in Quaternion [0.000, 0.000, -0.309, 0.951]
- Rotation: in RPY (radian) [0.000, 0.000, -0.627]
- Rotation: in RPY (degree) [0.000, 0.000, -35.946]
- Matrix:
  0.810  0.587  0.000  1.150
 -0.587  0.810 -0.000 -0.855
 -0.000  0.000  1.000  0.000
  0.000  0.000  0.000  1.000
At time 1698324006.17648110
- Translation: [1.790, 0.552, 0.000]
- Rotation: in Quaternion [0.000, 0.000, 0.385, 0.923]
- Rotation: in RPY (radian) [0.000, -0.000, 0.789]
- Rotation: in RPY (degree) [0.000, -0.000, 45.230]
- Matrix:
  0.704 -0.710  0.000  1.790
  0.710  0.704  0.000  0.552
  0.000  0.000  1.000  0.000
  0.000  0.000  0.000  1.000
At time 1698324007.9219209
- Translation: [1.980, 0.744, 0.000]
- Rotation: in Quaternion [0.000, 0.000, 0.325, 0.946]
- Rotation: in RPY (radian) [0.000, -0.000, 0.662]
- Rotation: in RPY (degree) [0.000, -0.000, 37.938]
- Matrix:
  0.789 -0.615  0.000  1.980
  0.615  0.789  0.000  0.744
  0.000  0.000  1.000  0.000
  0.000  0.000  0.000  1.000
At time 1698324008.17142507
- Translation: [2.628, 0.976, 0.000]
- Rotation: in Quaternion [0.000, 0.000, 0.245, 0.969]
- Rotation: in RPY (radian) [0.000, -0.000, 0.496]
- Rotation: in RPY (degree) [0.000, -0.000, 28.396]
- Matrix:
  0.880 -0.476  0.000  2.628
  0.476  0.880  0.000  0.976
  0.000  0.000  1.000  0.000
  0.000  0.000  0.000  1.000
At time 1698324009.9650006
- Translation: [2.448, 0.970, 0.000]
- Rotation: in Quaternion [0.000, 0.000, 0.513, 0.858]
- Rotation: in RPY (radian) [0.000, -0.000, 1.077]
- Rotation: in RPY (degree) [0.000, -0.000, 61.711]
- Matrix:
  0.474 -0.881  0.000  2.448
  0.881  0.474  0.000  0.970
  0.000  0.000  1.000  0.000
  0.000  0.000  0.000  1.000
At time 1698324010.17548905
- Translation: [1.590, 1.370, 0.000]
- Rotation: in Quaternion [0.000, 0.000, 0.753, 0.658]
- Rotation: in RPY (radian) [0.000, -0.000, 1.705]
- Rotation: in RPY (degree) [0.000, -0.000, 97.703]
- Matrix:
 -0.134 -0.991  0.000  1.590
  0.991 -0.134  0.000  1.370
  0.000  0.000  1.000  0.000
  0.000  0.000  0.000  1.000
At time 1698324011.10100603
- Translation: [1.244, 1.998, 0.000]
- Rotation: in Quaternion [0.000, 0.000, 0.696, 0.718]
- Rotation: in RPY (radian) [0.000, -0.000, 1.539]
- Rotation: in RPY (degree) [0.000, -0.000, 88.153]
- Matrix:
  0.032 -0.999  0.000  1.244
  0.999  0.032  0.000  1.998
  0.000  0.000  1.000  0.000
  0.000  0.000  0.000  1.000
At time 1698324012.17565702
- Translation: [2.890, 1.909, 0.000]
- Rotation: in Quaternion [0.000, 0.000, 0.306, 0.952]
- Rotation: in RPY (radian) [0.000, -0.000, 0.622]
- Rotation: in RPY (degree) [0.000, -0.000, 35.623]
- Matrix:
  0.813 -0.582  0.000  2.890
  0.582  0.813  0.000  1.909
  0.000  0.000  1.000  0.000
  0.000  0.000  0.000  1.000
At time 1698324013.9733100
- Translation: [2.269, 0.510, 0.000]
- Rotation: in Quaternion [0.000, 0.000, 0.445, 0.895]
- Rotation: in RPY (radian) [0.000, -0.000, 0.923]
- Rotation: in RPY (degree) [0.000, -0.000, 52.898]
- Matrix:
  0.603 -0.798  0.000  2.269
  0.798  0.603  0.000  0.510
  0.000  0.000  1.000  0.000
  0.000  0.000  0.000  1.000
At time 1698324014.17763899
- Translation: [2.660, 1.098, 0.000]
- Rotation: in Quaternion [0.000, 0.000, 0.291, 0.957]
- Rotation: in RPY (radian) [0.000, -0.000, 0.590]
- Rotation: in RPY (degree) [0.000, -0.000, 33.782]
- Matrix:
  0.831 -0.556  0.000  2.660
  0.556  0.831  0.000  1.098
  0.000  0.000  1.000  0.000
  0.000  0.000  0.000  1.000
At time 1698324015.9271897
- Translation: [2.585, -0.270, 0.000]
- Rotation: in Quaternion [0.000, 0.000, -0.298, 0.954]
- Rotation: in RPY (radian) [0.000, 0.000, -0.606]
- Rotation: in RPY (degree) [0.000, 0.000, -34.729]
- Matrix:
  0.822  0.570  0.000  2.585
 -0.570  0.822 -0.000 -0.270
 -0.000  0.000  1.000  0.000
  0.000  0.000  0.000  1.000
At time 1698324016.16986595
- Translation: [2.471, -0.774, 0.000]
- Rotation: in Quaternion [0.000, 0.000, -0.240, 0.971]
- Rotation: in RPY (radian) [0.000, 0.000, -0.484]
- Rotation: in RPY (degree) [0.000, 0.000, -27.758]
- Matrix:
  0.885  0.466  0.000  2.471
 -0.466  0.885 -0.000 -0.774
 -0.000  0.000  1.000  0.000
  0.000  0.000  0.000  1.000
At time 1698324017.9573094
- Translation: [1.671, -0.667, 0.000]
- Rotation: in Quaternion [0.000, 0.000, -0.674, 0.739]
- Rotation: in RPY (radian) [0.000, 0.000, -1.479]
- Rotation: in RPY (degree) [0.000, 0.000, -84.749]
- Matrix:
  0.092  0.996  0.000  1.671
 -0.996  0.092 -0.000 -0.667
 -0.000  0.000  1.000  0.000
  0.000  0.000  0.000  1.000
At time 1698324018.17204392
- Translation: [1.486, -1.223, 0.000]
- Rotation: in Quaternion [0.000, 0.000, -0.697, 0.717]
- Rotation: in RPY (radian) [0.000, 0.000, -1.541]
- Rotation: in RPY (degree) [0.000, 0.000, -88.317]
- Matrix:
  0.029  1.000  0.000  1.486
 -1.000  0.029 -0.000 -1.223
 -0.000  0.000  1.000  0.000
  0.000  0.000  0.000  1.000
At time 1698324019.9303991
- Translation: [1.952, -1.286, 0.000]
- Rotation: in Quaternion [0.000, 0.000, -0.638, 0.770]
- Rotation: in RPY (radian) [0.000, 0.000, -1.385]
- Rotation: in RPY (degree) [0.000, 0.000, -79.340]
- Matrix:
  0.185  0.983  0.000  1.952
 -0.983  0.185 -0.000 -1.286
 -0.000  0.000  1.000  0.000
  0.000  0.000  0.000  1.000
At time 1698324020.17745989
- Translation: [1.957, -1.238, 0.000]
- Rotation: in Quaternion [0.000, 0.000, -0.690, 0.724]
- Rotation: in RPY (radian) [0.000, 0.000, -1.523]
- Rotation: in RPY (degree) [0.000, 0.000, -87.261]
- Matrix:
  0.048  0.999  0.000  1.957
 -0.999  0.048 -0.000 -1.238
 -0.000  0.000  1.000  0.000
  0.000  0.000  0.000  1.000
At time 1698324021.9346485
- Translation: [1.009, -1.551, 0.000]
- Rotation: in Quaternion [0.000, 0.000, -0.792, 0.611]
- Rotation: in RPY (radian) [0.000, 0.000, -1.828]
- Rotation: in RPY (degree) [0.000, 0.000, -104.716]
- Matrix:
 -0.254  0.967  0.000  1.009
 -0.967 -0.254 -0.000 -1.551
 -0.000  0.000  1.000  0.000
  0.000  0.000  0.000  1.000
At time 1698324022.17910078
- Translation: [1.373, -1.997, 0.000]
- Rotation: in Quaternion [0.000, 0.000, -0.662, 0.749]
- Rotation: in RPY (radian) [0.000, 0.000, -1.447]
- Rotation: in RPY (degree) [0.000, 0.000, -82.915]
- Matrix:
  0.123  0.992  0.000  1.373
 -0.992  0.123 -0.000 -1.997
 -0.000  0.000  1.000  0.000
  0.000  0.000  0.000  1.000
At time 1698324023.9982272
- Translation: [2.964, -1.677, 0.000]
- Rotation: in Quaternion [0.000, 0.000, -0.274, 0.962]
- Rotation: in RPY (radian) [0.000, 0.000, -0.554]
- Rotation: in RPY (degree) [0.000, 0.000, -31.759]
- Matrix:
  0.850  0.526  0.000  2.964
 -0.526  0.850 -0.000 -1.677
 -0.000  0.000  1.000  0.000
  0.000  0.000  0.000  1.000
At time 1698324024.17931465
- Translation: [3.179, -0.523, 0.000]
- Rotation: in Quaternion [0.000, 0.000, -0.041, 0.999]
- Rotation: in RPY (radian) [0.000, 0.000, -0.083]
- Rotation: in RPY (degree) [0.000, 0.000, -4.728]
- Matrix:
  0.997  0.082  0.000  3.179
 -0.082  0.997 -0.000 -0.523
 -0.000  0.000  1.000  0.000
  0.000  0.000  0.000  1.000
At time 1698324025.9805959
- Translation: [3.307, -0.027, 0.000]
- Rotation: in Quaternion [0.000, 0.000, 0.031, 1.000]
- Rotation: in RPY (radian) [0.000, -0.000, 0.061]
- Rotation: in RPY (degree) [0.000, -0.000, 3.511]
- Matrix:
  0.998 -0.061  0.000  3.307
  0.061  0.998  0.000 -0.027
  0.000  0.000  1.000  0.000
  0.000  0.000  0.000  1.000
At time 1698324026.17038452
- Translation: [3.613, 0.133, 0.000]
- Rotation: in Quaternion [0.000, 0.000, 0.033, 0.999]
- Rotation: in RPY (radian) [0.000, -0.000, 0.066]
- Rotation: in RPY (degree) [0.000, -0.000, 3.757]
- Matrix:
  0.998 -0.066  0.000  3.613
  0.066  0.998  0.000  0.133
  0.000  0.000  1.000  0.000
  0.000  0.000  0.000  1.000
At time 1698324027.9755946
- Translation: [2.409, 0.333, 0.000]
- Rotation: in Quaternion [0.000, 0.000, 0.597, 0.802]
- Rotation: in RPY (radian) [0.000, -0.000, 1.280]
- Rotation: in RPY (degree) [0.000, -0.000, 73.347]
- Matrix:
  0.287 -0.958  0.000  2.409
  0.958  0.287  0.000  0.333
  0.000  0.000  1.000  0.000
  0.000  0.000  0.000  1.000
At time 1698324028.17306239
- Translation: [2.209, 1.571, 0.000]
- Rotation: in Quaternion [0.000, 0.000, 0.474, 0.881]
- Rotation: in RPY (radian) [0.000, -0.000, 0.987]
- Rotation: in RPY (degree) [0.000, -0.000, 56.564]
- Matrix:
  0.551 -0.834  0.000  2.209
  0.834  0.551  0.000  1.571
  0.000  0.000  1.000  0.000
  0.000  0.000  0.000  1.000
At time 1698324029.9674128
- Translation: [2.140, 1.520, 0.000]
- Rotation: in Quaternion [0.000, 0.000, 0.557, 0.831]
- Rotation: in RPY (radian) [0.000, -0.000, 1.181]
- Rotation: in RPY (degree) [0.000, -0.000, 67.664]
- Matrix:
  0.380 -0.925  0.000  2.140
  0.925  0.380  0.000  1.520
  0.000  0.000  1.000  0.000
  0.000  0.000  0.000  1.000
At time 1698324030.17648609
- Translation: [1.698, 1.537, 0.000]
- Rotation: in Quaternion [0.000, 0.000, 0.699, 0.715]
- Rotation: in RPY (radian) [0.000, -0.000, 1.548]
- Rotation: in RPY (degree) [0.000, -0.000, 88.701]
- Matrix:
  0.023 -1.000  0.000  1.698
  1.000  0.023  0.000  1.537
  0.000  0.000  1.000  0.000
  0.000  0.000  0.000  1.000
At time 1698324031.9192091
- Translation: [1.201, 1.824, 0.000]
- Rotation: in Quaternion [0.000, 0.000, 0.736, 0.676]
- Rotation: in RPY (radian) [0.000, -0.000, 1.656]
- Rotation: in RPY (degree) [0.000, -0.000, 94.865]
- Matrix:
 -0.085 -0.996  0.000  1.201
  0.996 -0.085  0.000  1.824
  0.000  0.000  1.000  0.000
  0.000  0.000  0.000  1.000
At time 1698324032.17966773
- Translation: [1.094, 1.664, 0.000]
- Rotation: in Quaternion [0.000, 0.000, 0.791, 0.611]
- Rotation: in RPY (radian) [0.000, -0.000, 1.826]
- Rotation: in RPY (degree) [0.000, -0.000, 104.645]
- Matrix:
 -0.253 -0.968  0.000  1.094
  0.968 -0.253  0.000  1.664
  0.000  0.000  1.000  0.000
  0.000  0.000  0.000  1.000
At time 1698324033.9465055
- Translation: [1.789, 1.355, 0.000]
- Rotation: in Quaternion [0.000, 0.000, 0.412, 0.911]
- Rotation: in RPY (radian) [0.000, -0.000, 0.849]
- Rotation: in RPY (degree) [0.000, -0.000, 48.642]
- Matrix:
  0.661 -0.751  0.000  1.789
  0.751  0.661  0.000  1.355
  0.000  0.000  1.000  0.000
  0.000  0.000  0.000  1.000
At time 1698324034.17818336
- Translation: [1.572, 1.128, 0.000]
- Rotation: in Quaternion [0.000, 0.000, 0.562, 0.827]
- Rotation: in RPY (radian) [0.000, -0.000, 1.193]
- Rotation: in RPY (degree) [0.000, -0.000, 68.370]
- Matrix:
  0.369 -0.930  0.000  1.572
  0.930  0.369  0.000  1.128
  0.000  0.000  1.000  0.000
  0.000  0.000  0.000  1.000
At time 1698324035.10012218
- Translation: [1.930, 0.818, 0.000]
- Rotation: in Quaternion [0.000, 0.000, -0.128, 0.992]
- Rotation: in RPY (radian) [0.000, 0.000, -0.256]
- Rotation: in RPY (degree) [0.000, 0.000, -14.688]
- Matrix:
  0.967  0.254  0.000  1.930
 -0.254  0.967 -0.000  0.818
 -0.000  0.000  1.000  0.000
  0.000  0.000  0.000  1.000
At time 1698324036.17562300
- Translation: [1.693, -0.220, 0.000]
- Rotation: in Quaternion [0.000, 0.000, -0.700, 0.714]
- Rotation: in RPY (radian) [0.000, 0.000, -1.551]
- Rotation: in RPY (degree) [0.000, 0.000, -88.891]
- Matrix:
  0.019  1.000  0.000  1.693
 -1.000  0.019 -0.000 -0.220
 -0.000  0.000  1.000  0.000
  0.000  0.000  0.000  1.000
At time 1698324037.9601588
- Translation: [1.522, -1.568, 0.000]
- Rotation: in Quaternion [0.000, 0.000, -0.556, 0.831]
- Rotation: in RPY (radian) [0.000, 0.000, -1.180]
- Rotation: in RPY (degree) [0.000, 0.000, -67.609]
- Matrix:
  0.381  0.925  0.000  1.522
 -0.925  0.381 -0.000 -1.568
 -0.000  0.000  1.000  0.000
  0.000  0.000  0.000  1.000
At time 1698324038.17510284
- Translation: [1.287, -0.588, 0.000]
- Rotation: in Quaternion [0.000, 0.000, -0.253, 0.967]
- Rotation: in RPY (radian) [0.000, 0.000, -0.512]
- Rotation: in RPY (degree) [0.000, 0.000, -29.355]
- Matrix:
  0.872  0.490  0.000  1.287
 -0.490  0.872 -0.000 -0.588
 -0.000  0.000  1.000  0.000
  0.000  0.000  0.000  1.000
At time 1698324039.9692481
- Translation: [0.739, -0.143, 0.000]
- Rotation: in Quaternion [0.000, 0.000, -0.046, 0.999]
- Rotation: in RPY (radian) [0.000, 0.000, -0.093]
- Rotation: in RPY (degree) [0.000, 0.000, -5.325]
- Matrix:
  0.996  0.093  0.000  0.739
 -0.093  0.996 -0.000 -0.143
 -0.000  0.000  1.000  0.000
  0.000  0.000  0.000  1.000
At time 1698324040.17188278
- Translation: [0.373, -0.034, 0.000]
- Rotation: in Quaternion [0.000, 0.000, 0.050, 0.999]
- Rotation: in RPY (radian) [0.000, -0.000, 0.101]
- Rotation: in RPY (degree) [0.000, -0.000, 5.785]
- Matrix:
  0.995 -0.101  0.000  0.373
  0.101  0.995  0.000 -0.034
  0.000  0.000  1.000  0.000
  0.000  0.000  0.000  1.000
At time 1698324041.9757974
- Translation: [0.188, -0.008, 0.000]
- Rotation: in Quaternion [0.000, 0.000, 0.095, 0.995]
- Rotation: in RPY (radian) [0.000, -0.000, 0.191]
- Rotation: in RPY (degree) [0.000, -0.000, 10.953]
- Matrix:
  0.982 -0.190  0.000  0.188
  0.190  0.982  0.000 -0.008
  0.000  0.000  1.000  0.000
  0.000  0.000  0.000  1.000
At time 1698324042.18003071
- Translation: [0.094, -0.002, 0.000]
- Rotation: in Quaternion [0.000, 0.000, 0.117, 0.993]
- Rotation: in RPY (radian) [0.000, -0.000, 0.235]
- Rotation: in RPY (degree) [0.000, -0.000, 13.484]
- Matrix:
  0.972 -0.233  0.000  0.094
  0.233  0.972  0.000 -0.002
  0.000  0.000  1.000  0.000
  0.000  0.000  0.000  1.000
At time 1698324043.9308968
- Translation: [0.047, -0.001, 0.000]
- Rotation: in Quaternion [0.000, 0.000, 0.128, 0.992]
- Rotation: in RPY (radian) [0.000, -0.000, 0.257]
- Rotation: in RPY (degree) [0.000, -0.000, 14.715]
- Matrix:
  0.967 -0.254  0.000  0.047
  0.254  0.967  0.000 -0.001
  0.000  0.000  1.000  0.000
  0.000  0.000  0.000  1.000
At time 1698324044.18050664
- Translation: [0.023, -0.000, 0.000]
- Rotation: in Quaternion [0.000, 0.000, 0.133, 0.991]
- Rotation: in RPY (radian) [0.000, -0.000, 0.268]
- Rotation: in RPY (degree) [0.000, -0.000, 15.334]
- Matrix:
  0.964 -0.264  0.000  0.023
  0.264  0.964  0.000 -0.000
  0.000  0.000  1.000  0.000
  0.000  0.000  0.000  1.000
